138,120,38,59
0,0,0,0
0,0,0,0
0,0,0,0
0,0,0,0
138.7,122.86,38,59
0,0,0,0
0,0,0,0
0,0,0,0
0,0,0,0
139.72,123.88,38,59
0,0,0,0
0,0,0,0
0,0,0,0
0,0,0,0
139.72,121.33,38,59
0,0,0,0
0,0,0,0
0,0,0,0
0,0,0,0
138.7,121.33,38,59
0,0,0,0
0,0,0,0
0,0,0,0
0,0,0,0
138.7,121.33,38,59
0,0,0,0
0,0,0,0
0,0,0,0
0,0,0,0
139.21,125.4,38,59
0,0,0,0
0,0,0,0
0,0,0,0
0,0,0,0
139.72,126.42,38,59
0,0,0,0
0,0,0,0
0,0,0,0
0,0,0,0
133.09,129.99,38,59
0,0,0,0
0,0,0,0
0,0,0,0
0,0,0,0
128,123.37,38,59
0,0,0,0
0,0,0,0
0,0,0,0
0,0,0,0
142.77,123.88,38,59
0,0,0,0
0,0,0,0
0,0,0,0
0,0,0,0
143.79,127.95,38,59
0,0,0,0
0,0,0,0
0,0,0,0
0,0,0,0
135.64,134.07,38,59
0,0,0,0
0,0,0,0
0,0,0,0
0,0,0,0
139.21,134.58,38,59
0,0,0,0
0,0,0,0
0,0,0,0
0,0,0,0
140.74,121.84,38,59
0,0,0,0
0,0,0,0
0,0,0,0
0,0,0,0
138.7,84.64,38,59
0,0,0,0
0,0,0,0
0,0,0,0
0,0,0,0
97.933,134.58,38,59
0,0,0,0
0,0,0,0
0,0,0,0
0,0,0,0
137.68,185.02,38,59
0,0,0,0
0,0,0,0
0,0,0,0
0,0,0,0
164.18,165.15,38,59
0,0,0,0
0,0,0,0
0,0,0,0
0,0,0,0
143.28,120.82,38,59
0,0,0,0
0,0,0,0
0,0,0,0
0,0,0,0
111.18,129.48,38,59
0,0,0,0
0,0,0,0
0,0,0,0
0,0,0,0
133.6,131.52,38,59
0,0,0,0
0,0,0,0
0,0,0,0
0,0,0,0
149.91,119.8,38,59
0,0,0,0
0,0,0,0
0,0,0,0
0,0,0,0
136.15,111.65,38,59
0,0,0,0
0,0,0,0
0,0,0,0
0,0,0,0
132.07,129.48,38,59
0,0,0,0
0,0,0,0
0,0,0,0
0,0,0,0
133.6,119.8,38,59
0,0,0,0
0,0,0,0
0,0,0,0
0,0,0,0
131.05,112.67,38,59
0,0,0,0
0,0,0,0
0,0,0,0
0,0,0,0
129.53,110.63,38,59
0,0,0,0
0,0,0,0
0,0,0,0
0,0,0,0
130.04,109.61,38,59
0,0,0,0
0,0,0,0
0,0,0,0
0,0,0,0
130.54,117.25,38,59
0,0,0,0
0,0,0,0
0,0,0,0
0,0,0,0
125.45,114.19,38,59
0,0,0,0
0,0,0,0
0,0,0,0
0,0,0,0
113.22,101.96,38,59
0,0,0,0
0,0,0,0
0,0,0,0
0,0,0,0
125.45,102.98,38,59
0,0,0,0
0,0,0,0
0,0,0,0
0,0,0,0
130.54,109.1,38,59
0,0,0,0
0,0,0,0
0,0,0,0
0,0,0,0
131.05,122.35,38,59
0,0,0,0
0,0,0,0
0,0,0,0
0,0,0,0
125.45,129.48,38,59
0,0,0,0
0,0,0,0
0,0,0,0
0,0,0,0
140.23,131.52,38,59
0,0,0,0
0,0,0,0
0,0,0,0
0,0,0,0
148.38,129.48,38,59
0,0,0,0
0,0,0,0
0,0,0,0
0,0,0,0
153.98,128.46,38,59
0,0,0,0
0,0,0,0
0,0,0,0
0,0,0,0
168.25,128.97,38,59
0,0,0,0
0,0,0,0
0,0,0,0
0,0,0,0
192.2,136.61,38,59
0,0,0,0
0,0,0,0
0,0,0,0
0,0,0,0
197.81,143.24,38,59
0,0,0,0
0,0,0,0
0,0,0,0
0,0,0,0
198.82,111.65,38,59
0,0,0,0
0,0,0,0
0,0,0,0
0,0,0,0
195.77,73.43,38,59
0,0,0,0
0,0,0,0
0,0,0,0
0,0,0,0
167.74,72.411,38,59
0,0,0,0
0,0,0,0
0,0,0,0
0,0,0,0
82.137,61.71,38,59
0,0,0,0
0,0,0,0
0,0,0,0
0,0,0,0
51.054,85.659,38,59
0,0,0,0
0,0,0,0
0,0,0,0
0,0,0,0
73.984,101.46,38,59
0,0,0,0
0,0,0,0
0,0,0,0
0,0,0,0
96.404,105.02,38,59
0,0,0,0
0,0,0,0
0,0,0,0
0,0,0,0
114.75,124.89,38,59
0,0,0,0
0,0,0,0
0,0,0,0
0,0,0,0
122.39,120.82,38,59
0,0,0,0
0,0,0,0
0,0,0,0
0,0,0,0
116.79,112.16,38,59
0,0,0,0
0,0,0,0
0,0,0,0
0,0,0,0
119.84,102.98,38,59
0,0,0,0
0,0,0,0
0,0,0,0
0,0,0,0
124.94,97.379,38,59
0,0,0,0
0,0,0,0
0,0,0,0
0,0,0,0
128.51,101.46,38,59
0,0,0,0
0,0,0,0
0,0,0,0
0,0,0,0
132.07,95.341,38,59
0,0,0,0
0,0,0,0
0,0,0,0
0,0,0,0
118.32,102.47,38,59
0,0,0,0
0,0,0,0
0,0,0,0
0,0,0,0
116.79,124.89,38,59
0,0,0,0
0,0,0,0
0,0,0,0
0,0,0,0
128,134.07,38,59
0,0,0,0
0,0,0,0
0,0,0,0
0,0,0,0
126.98,131.52,38,59
0,0,0,0
0,0,0,0
0,0,0,0
0,0,0,0
120.86,136.61,38,59
0,0,0,0
0,0,0,0
0,0,0,0
0,0,0,0
124.43,144.77,38,59
0,0,0,0
0,0,0,0
0,0,0,0
0,0,0,0
125.45,146.3,38,59
0,0,0,0
0,0,0,0
0,0,0,0
0,0,0,0
135.64,142.73,38,59
0,0,0,0
0,0,0,0
0,0,0,0
0,0,0,0
145.83,152.41,38,59
0,0,0,0
0,0,0,0
0,0,0,0
0,0,0,0
148.38,157,38,59
0,0,0,0
0,0,0,0
