110,47,92,116
111,45,92,116
111,44,92,116
110,43,92,116
110,41,92,116
110,40,92,116
111,39,92,116
114,40,92,116
114,38,92,116
114,37,92,116
115,38,92,116
114,38,92,116
114,35,92,116
113,34,92,116
114,32,92,116
112,31,92,116
111,30,92,116
110,28,92,116
110,27,92,116
110,26,92,116
110,25,92,116
109,24,92,116
108,24,92,116
105,24,92,116
104,25,92,116
104,23,92,116
103,23,92,116
103,24,92,116
103,24,92,116
103,24,92,116
103,24,92,116
101,23,92,116
100,22,92,116
98,22,92,116
97,21,92,116
96,20,92,116
94,20,92,116
95,19,92,116
95,19,92,116
94,19,92,116
93,18,92,116
93,17,92,116
91,17,92,116
90,16,92,116
89,16,92,116
88,14,92,116
87,13,92,116
86,12,92,116
85,11,92,116
85,10,92,116
85,10,92,116
85,9,92,116
87,7,92,116
86,6,92,116
88,5,92,116
85,5,92,116
89,3,92,116
87,2,92,116
87,1,92,116
85,0,92,116
84,0,92,116
84,1,92,116
86,2,92,116
88,0,92,116
92,4,92,116
93,0,92,116
97,2,92,116
97,2,92,116
99,0,92,116
99,0,92,116
98,0,92,116
99,0,92,116
100,1,92,116
101,0,92,116
101,1,92,116
103,0,92,116
101,0,92,116
101,0,92,116
100,0,92,116
98,1,92,116
97,0,92,116
95,0,92,116
94,0,92,116
93,1,92,116
91,0,92,116
90,0,92,116
90,0,92,116
89,0,92,116
88,0,92,116
87,0,92,116
87,0,92,116
86,0,92,116
86,0,92,116
86,0,92,116
86,0,92,116
85,0,92,116
84,0,92,116
83,0,92,116
82,0,92,116
83,0,92,116
81,1,92,116
82,0,92,116
82,0,92,116
82,0,92,116
82,0,92,116
83,0,92,116
83,0,92,116
84,0,92,116
83,0,92,116
82,0,92,116
82,0,92,116
81,0,92,116
80,0,92,116
80,0,92,116
79,0,92,116
78,0,92,116
77,0,92,116
76,0,92,116
76,0,92,116
73,0,92,116
72,0,92,116
72,0,92,116
71,0,92,116
70,0,92,116
69,0,92,116
69,0,92,116
69,0,92,116
68,0,92,116
68,0,92,116
67,0,92,116
67,0,92,116
66,0,92,116
65,0,92,116
64,0,92,116
65,0,92,116
64,0,92,116
64,0,92,116
65,0,92,116
64,0,92,116
64,0,92,116
63,0,92,116
63,0,92,116
62,0,92,116
61,0,92,116
61,0,92,116
60,0,92,116
60,0,92,116
60,0,92,116
61,0,92,116
62,0,92,116
62,0,92,116
61,1,92,116
60,0,92,116
62,0,92,116
61,0,92,116
61,0,92,116
60,0,92,116
60,0,92,116
59,0,92,116
58,0,92,116
57,0,92,116
56,0,92,116
57,0,92,116
55,0,92,116
55,0,92,116
54,0,92,116
54,0,92,116
53,0,92,116
52,0,92,116
52,0,92,116
52,0,92,116
51,0,92,116
51,0,92,116
52,0,92,116
51,0,92,116
52,2,92,116
54,0,92,116
56,0,92,116
54,0,92,116
52,0,92,116
51,0,92,116
50,0,92,116
50,0,92,116
50,0,92,116
49,0,92,116
49,0,92,116
48,0,92,116
47,0,92,116
46,0,92,116
46,0,92,116
45,0,92,116
44,0,92,116
43,0,92,116
43,0,92,116
42,0,92,116
41,0,92,116
40,0,92,116
40,0,92,116
39,0,92,116
39,0,92,116
39,0,92,116
39,0,92,116
38,0,92,116
38,0,92,116
37,0,92,116
36,0,92,116
35,0,92,116
34,0,92,116
33,0,92,116
33,0,92,116
33,0,92,116
33,0,92,116
34,0,92,116
35,0,92,116
36,0,92,116
37,0,92,116
38,0,92,116
39,0,92,116
40,0,92,116
39,0,92,116
39,0,92,116
38,0,92,116
38,0,92,116
37,0,92,116
37,0,92,116
36,0,92,116
35,0,92,116
34,0,92,116
34,0,92,116
33,0,92,116
33,0,92,116
32,0,92,116
32,0,92,116
30,0,92,116
29,0,92,116
29,0,92,116
28,0,92,116
27,0,92,116
27,0,92,116
27,0,92,116
26,0,92,116
26,0,92,116
26,0,92,116
24,0,92,116
24,0,92,116
23,0,92,116
23,0,92,116
22,0,92,116
22,0,92,116
22,0,92,116
21,0,92,116
21,0,92,116
21,0,92,116
20,0,92,116
20,0,92,116
20,0,92,116
19,0,92,116
19,0,92,116
19,0,92,116
18,0,92,116
18,0,92,116
18,0,92,116
17,0,92,116
17,0,92,116
16,0,92,116
16,0,92,116
15,0,92,116
15,0,92,116
15,0,92,116
14,0,92,116
14,0,92,116
14,0,92,116
14,0,92,116
13,0,92,116
13,0,92,116
13,0,92,116
12,0,92,116
12,0,92,116
11,0,92,116
11,0,92,116
10,0,92,116
10,0,92,116
10,0,92,116
10,0,92,116
10,0,92,116
10,0,92,116
10,0,92,116
10,0,92,116
10,0,92,116
10,0,92,116
10,0,92,116
10,0,92,116
10,0,92,116
10,0,92,116
11,0,92,116
11,0,92,116
11,0,92,116
11,0,92,116
11,0,92,116
11,0,92,116
11,0,92,116
10,0,92,116
11,0,92,116
10,0,92,116
10,0,92,116
10,0,92,116
10,0,92,116
10,0,92,116
10,0,92,116
10,0,92,116
10,0,92,116
10,0,92,116
10,1,92,116
8,0,92,116
7,1,92,116
6,0,92,116
5,0,92,116
5,2,92,116
4,3,92,116
1,3,92,116
1,5,92,116
0,6,92,116
0,6,92,116
0,7,92,116
0,8,92,116
0,10,92,116
0,10,92,116
0,11,92,116
0,14,92,116
0,14,92,116
0,12,92,116
0,11,92,116
0,10,92,116
0,10,92,116
0,12,92,116
0,15,92,116
0,17,92,116
0,17,92,116
0,17,92,116
1,18,92,116
0,21,92,116
1,21,92,116
0,23,92,116
0,22,92,116
0,20,92,116
0,20,92,116
0,20,92,116
0,20,92,116
0,19,92,116
0,18,92,116
0,18,92,116
0,16,92,116
0,15,92,116
0,14,92,116
1,13,92,116
0,12,92,116
0,11,92,116
0,11,92,116
0,10,92,116
0,10,92,116
0,10,92,116
0,8,92,116
2,8,92,116
3,7,92,116
5,5,92,116
7,4,92,116
10,0,92,116
14,0,92,116
15,0,92,116
15,2,92,116
11,0,92,116
12,0,92,116
12,1,92,116
12,0,92,116
13,0,92,116
14,0,92,116
16,1,92,116
14,0,92,116
18,1,92,116
18,0,92,116
18,0,92,116
17,0,92,116
20,0,92,116
19,0,92,116
16,1,92,116
16,0,92,116
19,0,92,116
16,0,92,116
13,0,92,116
12,2,92,116
8,0,92,116
6,3,92,116
3,10,92,116
1,10,92,116
0,9,92,116
0,9,92,116
0,6,92,116
1,5,92,116
1,6,92,116
0,7,92,116
0,3,92,116
0,0,92,116
4,5,92,116
3,0,92,116
4,0,92,116
6,1,92,116
7,0,92,116
9,0,92,116
10,0,92,116
14,0,92,116
14,0,92,116
16,0,92,116
16,0,92,116
18,0,92,116
17,0,92,116
19,1,92,116
19,0,92,116
19,0,92,116
19,0,92,116
19,0,92,116
20,0,92,116
19,0,92,116
17,0,92,116
15,0,92,116
13,0,92,116
9,2,92,116
4,3,92,116
1,7,92,116
0,5,92,116
0,5,92,116
0,11,92,116
0,3,92,116
0,1,92,116
0,1,92,116
0,1,92,116
0,0,92,116
0,0,92,116
0,0,92,116
0,0,92,116
0,0,92,116
1,0,92,116
4,0,92,116
1,0,92,116
4,0,92,116
6,0,92,116
9,0,92,116
11,0,92,116
11,0,92,116
13,0,92,116
14,0,92,116
16,0,92,116
17,0,92,116
20,0,92,116
21,0,92,116
22,1,92,116
24,0,92,116
25,2,92,116
26,1,92,116
26,0,92,116
27,0,92,116
28,0,92,116
28,0,92,116
29,0,92,116
30,0,92,116
32,0,92,116
32,1,92,116
33,1,92,116
33,1,92,116
33,1,92,116
33,0,92,116
33,0,92,116
32,0,92,116
32,0,92,116
32,0,92,116
32,0,92,116
32,0,92,116
32,0,92,116
33,0,92,116
34,0,92,116
34,0,92,116
34,0,92,116
34,0,92,116
34,0,92,116
34,0,92,116
35,0,92,116
35,0,92,116
35,0,92,116
35,0,92,116
35,0,92,116
36,0,92,116
35,0,92,116
35,0,92,116
35,0,92,116
34,0,92,116
33,0,92,116
32,0,92,116
31,0,92,116
31,0,92,116
32,3,92,116
29,3,92,116
28,6,92,116
27,6,92,116
27,5,92,116
27,6,92,116
26,6,92,116
25,6,92,116
24,7,92,116
21,5,92,116
20,5,92,116
17,7,92,116
14,11,92,116
11,9,92,116
10,12,92,116
9,15,92,116
7,18,92,116
10,14,92,116
9,15,92,116
6,18,92,116
2,20,92,116
0,18,92,116
0,18,92,116
1,17,92,116
3,20,92,116
1,17,92,116
2,15,92,116
2,14,92,116
4,15,92,116
5,16,92,116
5,15,92,116
4,13,92,116
4,10,92,116
4,11,92,116
3,11,92,116
2,8,92,116
2,9,92,116
2,7,92,116
2,6,92,116
2,5,92,116
2,5,92,116
2,5,92,116
2,6,92,116
2,7,92,116
2,8,92,116
0,9,92,116
0,9,92,116
0,9,92,116
0,8,92,116
0,8,92,116
0,7,92,116
0,7,92,116
0,7,92,116
0,5,92,116
0,4,92,116
0,3,92,116
0,1,92,116
0,0,92,116
0,0,92,116
0,0,92,116
0,0,92,116
0,0,92,116
0,0,92,116
0,0,92,116
0,0,92,116
0,0,92,116
0,0,92,116
0,0,92,116
0,0,92,116
0,0,92,116
0,0,92,116
0,0,92,116
0,0,92,116
0,0,92,116
0,0,92,116
0,0,92,116
0,0,92,116
0,0,92,116
0,0,92,116
0,0,92,116
0,0,92,116
0,0,92,116
0,0,92,116
0,0,92,116
0,0,92,116
0,0,92,116
0,0,92,116
0,0,92,116
0,0,92,116
0,0,92,116
0,0,92,116
0,0,92,116
2,5,92,116
1,1,92,116
1,1,92,116
1,1,92,116
0,1,92,116
2,0,92,116
0,0,92,116
0,0,92,116
0,0,92,116
0,0,92,116
0,0,92,116
0,0,92,116
0,0,92,116
0,0,92,116
0,0,92,116
0,0,92,116
0,0,92,116
0,0,92,116
0,0,92,116
0,0,92,116
0,0,92,116
0,0,92,116
0,0,92,116
0,0,92,116
1,0,92,116
1,1,92,116
1,1,92,116
1,1,92,116
1,0,92,116
1,0,92,116
0,0,92,116
0,0,92,116
0,0,92,116
0,0,92,116
0,0,92,116
0,0,92,116
0,0,92,116
0,0,92,116
0,0,92,116
0,0,92,116
0,0,92,116
0,0,92,116
0,0,92,116
0,0,92,116
0,0,92,116
0,0,92,116
0,0,92,116
0,0,92,116
0,0,92,116
0,0,92,116
2,0,92,116
1,2,92,116
1,2,92,116
0,0,92,116
0,0,92,116
0,0,92,116
0,0,92,116
0,0,92,116
0,0,92,116
0,0,92,116
0,0,92,116
0,0,92,116
0,0,92,116
0,0,92,116
0,0,92,116
0,0,92,116
0,0,92,116
0,0,92,116
0,0,92,116
0,0,92,116
0,0,92,116
0,0,92,116
0,0,92,116
0,0,92,116
0,0,92,116
0,0,92,116
0,0,92,116
0,0,92,116
0,0,92,116
0,0,92,116
0,0,92,116
0,0,92,116
0,0,92,116
0,0,92,116
0,0,92,116
0,0,92,116
0,0,92,116
0,0,92,116
0,0,92,116
0,0,92,116
0,0,92,116
0,0,92,116
0,0,92,116
0,0,92,116
0,0,92,116
0,0,92,116
0,0,92,116
0,0,92,116
0,0,92,116
0,0,92,116
0,0,92,116
0,0,92,116
0,0,92,116
0,0,92,116
0,0,92,116
0,0,92,116
0,0,92,116
0,0,92,116
0,0,92,116
0,0,92,116
0,0,92,116
0,0,92,116
0,0,92,116
0,0,92,116
0,0,92,116
0,0,92,116
0,0,92,116
0,0,92,116
0,0,92,116
0,0,92,116
0,0,92,116
0,0,92,116
0,0,92,116
0,0,92,116
0,0,92,116
0,0,92,116
0,0,92,116
0,0,92,116
0,0,92,116
0,0,92,116
0,0,92,116
0,0,92,116
0,0,92,116
0,0,92,116
0,0,92,116
0,0,92,116
0,0,92,116
0,0,92,116
0,0,92,116
0,0,92,116
0,0,92,116
0,0,92,116
0,0,92,116
0,0,92,116
0,0,92,116
0,0,92,116
0,0,92,116
0,0,92,116
0,0,92,116
0,0,92,116
0,0,92,116
0,0,92,116
0,0,92,116
0,0,92,116
0,0,92,116
0,0,92,116
0,0,92,116
0,0,92,116
0,0,92,116
0,0,92,116
0,0,92,116
0,0,92,116
0,0,92,116
0,0,92,116
0,0,92,116
0,0,92,116
0,0,92,116
0,0,92,116
0,0,92,116
0,0,92,116
0,0,92,116
0,0,92,116
0,0,92,116
0,0,92,116
0,0,92,116
0,0,92,116
0,0,92,116
0,0,92,116
0,0,92,116
0,0,92,116
0,0,92,116
0,0,92,116
0,0,92,116
0,0,92,116
0,0,92,116
0,0,92,116
0,0,92,116
0,0,92,116
0,0,92,116
0,0,92,116
0,0,92,116
0,0,92,116
0,0,92,116
0,0,92,116
0,0,92,116
0,0,92,116
0,0,92,116
0,0,92,116
0,0,92,116
0,0,92,116
0,0,92,116
0,0,92,116
0,0,92,116
0,0,92,116
0,0,92,116
0,0,92,116
0,0,92,116
0,0,92,116
0,0,92,116
0,0,92,116
0,0,92,116
0,0,92,116
0,0,92,116
0,0,92,116
0,0,92,116
0,0,92,116
0,0,92,116
0,0,92,116
0,0,92,116
0,0,92,116
0,0,92,116
0,0,92,116
