119,56,51,50
119,56,51,50
120,55,51,50
118,55,51,50
118,56,51,50
120,57,51,50
119,57,51,50
119,57,51,50
118,57,51,50
118,56,51,50
117,56,51,50
117,55,51,50
117,54,51,50
116,54,51,50
116,54,51,50
114,53,51,50
116,53,51,50
117,52,51,50
117,52,51,50
113,52,51,50
113,52,51,50
112,52,51,50
112,52,51,50
112,52,51,50
111,52,51,50
111,51,51,50
111,51,51,50
111,51,51,50
110,51,51,50
110,50,51,50
109,50,51,50
108,50,51,50
106,49,51,50
103,49,51,50
101,48,51,50
99,47,51,50
99,48,51,50
97,46,51,50
97,45,51,50
97,45,51,50
97,45,51,50
98,44,51,50
98,43,51,50
99,42,51,50
100,41,51,50
101,40,51,50
103,39,51,50
104,39,51,50
103,39,51,50
103,40,51,50
101,41,51,50
101,43,51,50
102,45,51,50
102,47,51,50
104,49,51,50
103,52,51,50
103,55,51,50
102,56,51,50
101,58,51,50
101,62,51,50
100,64,51,50
100,66,51,50
99,69,51,50
100,69,51,50
101,69,51,50
102,70,51,50
103,71,51,50
105,72,51,50
106,73,51,50
108,73,51,50
110,72,51,50
111,72,51,50
112,71,51,50
113,70,51,50
113,68,51,50
113,67,51,50
112,65,51,50
114,62,51,50
111,59,51,50
111,58,51,50
110,56,51,50
110,54,51,50
110,53,51,50
110,52,51,50
110,52,51,50
111,51,51,50
110,51,51,50
110,50,51,50
110,49,51,50
109,48,51,50
107,47,51,50
106,46,51,50
106,44,51,50
103,43,51,50
102,42,51,50
100,42,51,50
97,41,51,50
95,41,51,50
95,40,51,50
93,40,51,50
93,40,51,50
93,39,51,50
92,39,51,50
92,38,51,50
92,37,51,50
92,37,51,50
93,36,51,50
93,36,51,50
94,36,51,50
95,36,51,50
94,37,51,50
95,37,51,50
95,38,51,50
97,38,51,50
98,39,51,50
98,41,51,50
99,42,51,50
100,44,51,50
101,45,51,50
99,46,51,50
99,47,51,50
99,48,51,50
98,49,51,50
100,49,51,50
101,50,51,50
101,50,51,50
101,50,51,50
101,50,51,50
100,50,51,50
101,49,51,50
100,49,51,50
100,49,51,50
101,48,51,50
102,48,51,50
103,48,51,50
100,49,51,50
100,49,51,50
100,49,51,50
99,49,51,50
98,49,51,50
99,48,51,50
96,48,51,50
95,48,51,50
93,48,51,50
91,48,51,50
89,48,51,50
89,48,51,50
91,47,51,50
91,47,51,50
91,47,51,50
90,48,51,50
93,48,51,50
93,48,51,50
93,49,51,50
94,49,51,50
95,49,51,50
96,49,51,50
96,49,51,50
96,49,51,50
98,49,51,50
97,49,51,50
99,48,51,50
99,48,51,50
98,48,51,50
98,48,51,50
99,48,51,50
99,48,51,50
100,48,51,50
100,48,51,50
100,48,51,50
99,47,51,50
97,47,51,50
98,47,51,50
97,46,51,50
96,46,51,50
94,46,51,50
93,46,51,50
95,45,51,50
94,45,51,50
93,45,51,50
92,45,51,50
92,45,51,50
92,45,51,50
93,45,51,50
94,45,51,50
93,45,51,50
93,45,51,50
93,45,51,50
93,45,51,50
93,45,51,50
93,44,51,50
92,44,51,50
92,44,51,50
92,44,51,50
93,44,51,50
93,44,51,50
93,44,51,50
92,45,51,50
92,45,51,50
92,45,51,50
93,46,51,50
93,46,51,50
93,47,51,50
93,47,51,50
94,47,51,50
93,48,51,50
93,48,51,50
93,48,51,50
92,49,51,50
92,49,51,50
92,49,51,50
92,49,51,50
92,49,51,50
91,49,51,50
92,48,51,50
91,48,51,50
92,47,51,50
92,47,51,50
91,47,51,50
90,47,51,50
91,46,51,50
90,46,51,50
90,45,51,50
88,45,51,50
89,44,51,50
89,44,51,50
88,44,51,50
87,44,51,50
88,43,51,50
87,43,51,50
87,43,51,50
87,43,51,50
88,43,51,50
87,44,51,50
88,44,51,50
89,46,51,50
89,47,51,50
88,48,51,50
90,46,51,50
89,49,51,50
88,49,51,50
88,49,51,50
88,48,51,50
89,49,51,50
89,48,51,50
89,48,51,50
88,48,51,50
88,48,51,50
87,48,51,50
87,48,51,50
87,47,51,50
88,45,51,50
87,43,51,50
85,42,51,50
85,40,51,50
86,38,51,50
87,36,51,50
85,35,51,50
85,33,51,50
85,31,51,50
85,29,51,50
86,26,51,50
86,24,51,50
86,22,51,50
85,21,51,50
86,20,51,50
85,17,51,50
86,15,51,50
86,14,51,50
87,12,51,50
86,11,51,50
86,11,51,50
87,11,51,50
87,13,51,50
87,14,51,50
86,5,51,50
87,4,51,50
85,5,51,50
85,5,51,50
85,2,51,50
85,1,51,50
85,1,51,50
85,0,51,50
85,0,51,50
85,0,51,50
84,0,51,50
83,0,51,50
83,0,51,50
82,0,51,50
83,0,51,50
83,0,51,50
83,0,51,50
83,0,51,50
83,0,51,50
83,0,51,50
83,0,51,50
83,0,51,50
83,0,51,50
83,0,51,50
83,0,51,50
83,0,51,50
84,0,51,50
84,0,51,50
84,0,51,50
84,0,51,50
84,0,51,50
84,0,51,50
84,0,51,50
84,0,51,50
84,0,51,50
84,0,51,50
84,0,51,50
84,0,51,50
84,0,51,50
84,0,51,50
84,0,51,50
84,0,51,50
84,0,51,50
84,0,51,50
84,0,51,50
84,0,51,50
84,0,51,50
84,0,51,50
84,0,51,50
84,0,51,50
84,0,51,50
84,0,51,50
84,0,51,50
84,0,51,50
84,0,51,50
84,0,51,50
84,0,51,50
84,0,51,50
84,0,51,50
84,0,51,50
84,0,51,50
84,0,51,50
84,0,51,50
84,0,51,50
84,0,51,50
84,0,51,50
84,0,51,50
84,0,51,50
84,0,51,50
84,0,51,50
84,0,51,50
84,0,51,50
84,0,51,50
84,0,51,50
84,0,51,50
84,0,51,50
84,0,51,50
84,0,51,50
84,0,51,50
84,1,51,50
84,0,51,50
84,1,51,50
84,1,51,50
84,0,51,50
84,1,51,50
84,1,51,50
84,0,51,50
84,1,51,50
84,1,51,50
84,1,51,50
84,1,51,50
84,1,51,50
84,1,51,50
84,1,51,50
84,1,51,50
84,1,51,50
84,0,51,50
84,0,51,50
84,0,51,50
84,0,51,50
84,0,51,50
85,0,51,50
86,0,51,50
85,0,51,50
83,0,51,50
83,0,51,50
84,0,51,50
85,0,51,50
87,0,51,50
87,0,51,50
88,2,51,50
87,0,51,50
87,0,51,50
85,2,51,50
87,0,51,50
86,0,51,50
87,1,51,50
88,2,51,50
87,4,51,50
87,0,51,50
86,0,51,50
85,0,51,50
85,0,51,50
85,0,51,50
85,0,51,50
85,0,51,50
84,0,51,50
84,0,51,50
84,0,51,50
84,0,51,50
83,0,51,50
83,0,51,50
83,0,51,50
83,0,51,50
83,0,51,50
83,0,51,50
83,0,51,50
83,0,51,50
83,0,51,50
83,0,51,50
83,0,51,50
83,0,51,50
83,0,51,50
83,0,51,50
83,0,51,50
83,0,51,50
83,0,51,50
83,0,51,50
83,0,51,50
83,0,51,50
83,0,51,50
83,0,51,50
83,0,51,50
83,0,51,50
83,0,51,50
83,0,51,50
83,0,51,50
83,0,51,50
83,0,51,50
83,0,51,50
84,0,51,50
83,0,51,50
83,0,51,50
83,0,51,50
83,0,51,50
83,0,51,50
83,0,51,50
83,0,51,50
83,0,51,50
83,0,51,50
83,0,51,50
83,0,51,50
83,0,51,50
83,0,51,50
83,1,51,50
83,0,51,50
83,0,51,50
83,0,51,50
83,0,51,50
83,0,51,50
83,0,51,50
83,0,51,50
83,0,51,50
83,0,51,50
83,0,51,50
83,0,51,50
83,0,51,50
83,0,51,50
83,0,51,50
83,0,51,50
83,0,51,50
83,0,51,50
83,0,51,50
83,0,51,50
83,0,51,50
83,0,51,50
83,0,51,50
83,0,51,50
83,0,51,50
83,0,51,50
83,0,51,50
83,0,51,50
83,0,51,50
83,0,51,50
83,0,51,50
83,0,51,50
83,0,51,50
83,0,51,50
83,0,51,50
83,0,51,50
84,1,51,50
83,0,51,50
83,0,51,50
83,0,51,50
83,0,51,50
83,0,51,50
83,0,51,50
83,0,51,50
83,0,51,50
83,0,51,50
83,0,51,50
83,0,51,50
84,1,51,50
83,0,51,50
83,0,51,50
83,0,51,50
83,0,51,50
83,0,51,50
83,0,51,50
83,0,51,50
83,0,51,50
83,0,51,50
83,0,51,50
83,0,51,50
84,1,51,50
83,0,51,50
83,0,51,50
83,0,51,50
83,0,51,50
83,0,51,50
83,0,51,50
83,0,51,50
83,0,51,50
83,0,51,50
83,0,51,50
83,0,51,50
83,0,51,50
83,0,51,50
83,0,51,50
83,0,51,50
83,0,51,50
83,0,51,50
83,0,51,50
83,0,51,50
83,0,51,50
83,0,51,50
83,0,51,50
83,0,51,50
83,0,51,50
83,1,51,50
83,0,51,50
83,0,51,50
83,0,51,50
83,2,51,50
83,0,51,50
83,0,51,50
83,0,51,50
84,0,51,50
83,0,51,50
83,0,51,50
83,0,51,50
83,0,51,50
83,0,51,50
83,0,51,50
83,0,51,50
83,0,51,50
83,0,51,50
83,0,51,50
83,0,51,50
83,1,51,50
83,0,51,50
83,0,51,50
83,0,51,50
83,0,51,50
83,0,51,50
83,0,51,50
83,1,51,50
83,0,51,50
83,0,51,50
83,0,51,50
83,0,51,50
83,0,51,50
83,0,51,50
83,0,51,50
83,0,51,50
83,0,51,50
83,0,51,50
83,0,51,50
83,0,51,50
83,0,51,50
83,0,51,50
83,0,51,50
83,0,51,50
83,0,51,50
83,0,51,50
84,0,51,50
83,0,51,50
83,0,51,50
83,0,51,50
83,0,51,50
83,0,51,50
83,0,51,50
83,0,51,50
83,0,51,50
84,0,51,50
83,0,51,50
83,0,51,50
83,0,51,50
83,0,51,50
83,0,51,50
83,0,51,50
83,0,51,50
83,0,51,50
83,0,51,50
83,0,51,50
83,0,51,50
83,0,51,50
83,0,51,50
83,0,51,50
83,0,51,50
83,0,51,50
83,0,51,50
83,0,51,50
83,0,51,50
83,0,51,50
83,0,51,50
83,0,51,50
83,0,51,50
83,0,51,50
83,0,51,50
83,0,51,50
83,0,51,50
83,0,51,50
83,0,51,50
83,1,51,50
83,0,51,50
83,0,51,50
83,0,51,50
83,0,51,50
83,0,51,50
83,0,51,50
83,0,51,50
83,0,51,50
83,0,51,50
83,0,51,50
83,0,51,50
83,0,51,50
83,0,51,50
83,0,51,50
83,0,51,50
83,0,51,50
83,0,51,50
83,0,51,50
83,0,51,50
84,0,51,50
83,0,51,50
83,0,51,50
83,0,51,50
83,0,51,50
83,0,51,50
83,0,51,50
83,0,51,50
83,0,51,50
83,0,51,50
83,0,51,50
83,0,51,50
83,0,51,50
83,0,51,50
83,0,51,50
83,0,51,50
83,0,51,50
83,0,51,50
83,0,51,50
83,0,51,50
84,0,51,50
83,0,51,50
83,0,51,50
83,0,51,50
83,0,51,50
83,0,51,50
83,0,51,50
83,0,51,50
83,0,51,50
83,0,51,50
83,0,51,50
83,0,51,50
83,0,51,50
83,0,51,50
83,0,51,50
83,0,51,50
83,0,51,50
83,0,51,50
83,0,51,50
83,0,51,50
83,0,51,50
83,0,51,50
83,0,51,50
83,0,51,50
83,0,51,50
83,0,51,50
83,0,51,50
83,0,51,50
83,0,51,50
83,0,51,50
83,0,51,50
83,0,51,50
83,0,51,50
83,0,51,50
83,0,51,50
83,0,51,50
83,0,51,50
83,0,51,50
83,0,51,50
82,0,51,50
82,0,51,50
82,0,51,50
82,0,51,50
82,0,51,50
82,0,51,50
82,0,51,50
83,0,51,50
82,0,51,50
82,0,51,50
82,0,51,50
81,1,51,50
81,0,51,50
80,0,51,50
80,0,51,50
79,0,51,50
78,2,51,50
78,1,51,50
77,0,51,50
76,0,51,50
76,0,51,50
76,0,51,50
79,0,51,50
78,0,51,50
77,0,51,50
76,0,51,50
76,0,51,50
75,0,51,50
74,0,51,50
74,0,51,50
74,0,51,50
73,0,51,50
73,0,51,50
73,0,51,50
73,0,51,50
72,0,51,50
71,1,51,50
71,2,51,50
71,3,51,50
71,5,51,50
72,5,51,50
72,6,51,50
71,7,51,50
71,8,51,50
72,8,51,50
71,8,51,50
71,8,51,50
73,7,51,50
71,7,51,50
72,6,51,50
73,5,51,50
70,4,51,50
70,3,51,50
71,2,51,50
73,2,51,50
74,1,51,50
71,2,51,50
73,2,51,50
72,0,51,50
72,0,51,50
72,0,51,50
72,0,51,50
72,0,51,50
71,0,51,50
71,0,51,50
71,0,51,50
71,0,51,50
71,0,51,50
71,0,51,50
71,0,51,50
71,0,51,50
71,0,51,50
71,0,51,50
71,0,51,50
71,0,51,50
71,0,51,50
71,0,51,50
71,0,51,50
71,0,51,50
71,0,51,50
71,0,51,50
71,0,51,50
71,0,51,50
71,0,51,50
71,1,51,50
71,1,51,50
71,1,51,50
71,1,51,50
71,1,51,50
71,1,51,50
71,1,51,50
71,1,51,50
71,1,51,50
71,1,51,50
71,2,51,50
71,2,51,50
71,2,51,50
71,2,51,50
71,2,51,50
71,2,51,50
71,2,51,50
71,2,51,50
71,2,51,50
71,2,51,50
71,2,51,50
71,2,51,50
71,2,51,50
71,2,51,50
71,2,51,50
71,2,51,50
71,2,51,50
71,2,51,50
71,2,51,50
71,2,51,50
71,2,51,50
71,2,51,50
71,2,51,50
71,2,51,50
71,2,51,50
71,2,51,50
71,1,51,50
71,1,51,50
71,1,51,50
71,1,51,50
71,1,51,50
71,1,51,50
71,1,51,50
71,1,51,50
71,1,51,50
71,1,51,50
71,1,51,50
71,1,51,50
71,1,51,50
71,1,51,50
71,1,51,50
71,1,51,50
71,1,51,50
71,1,51,50
71,1,51,50
71,1,51,50
71,1,51,50
71,1,51,50
71,2,51,50
71,2,51,50
71,2,51,50
71,2,51,50
71,2,51,50
71,2,51,50
71,2,51,50
71,2,51,50
71,2,51,50
71,2,51,50
71,2,51,50
71,2,51,50
71,2,51,50
71,2,51,50
71,2,51,50
71,2,51,50
71,2,51,50
71,2,51,50
71,2,51,50
71,2,51,50
71,2,51,50
71,3,51,50
71,2,51,50
71,2,51,50
71,2,51,50
71,1,51,50
71,1,51,50
71,1,51,50
71,1,51,50
71,1,51,50
71,1,51,50
71,1,51,50
71,1,51,50
71,1,51,50
71,1,51,50
71,1,51,50
71,1,51,50
71,1,51,50
71,1,51,50
71,1,51,50
71,1,51,50
71,1,51,50
71,1,51,50
71,1,51,50
71,1,51,50
71,1,51,50
71,1,51,50
71,1,51,50
71,1,51,50
71,1,51,50
71,1,51,50
71,1,51,50
71,1,51,50
71,1,51,50
71,1,51,50
71,1,51,50
71,1,51,50
71,1,51,50
71,1,51,50
71,1,51,50
71,1,51,50
71,1,51,50
71,1,51,50
71,1,51,50
71,1,51,50
71,1,51,50
71,1,51,50
71,1,51,50
71,1,51,50
71,1,51,50
71,1,51,50
71,1,51,50
71,1,51,50
71,2,51,50
71,2,51,50
71,2,51,50
71,2,51,50
71,2,51,50
71,2,51,50
71,2,51,50
71,2,51,50
71,2,51,50
71,2,51,50
71,2,51,50
71,2,51,50
71,2,51,50
71,2,51,50
71,2,51,50
71,2,51,50
71,2,51,50
71,2,51,50
71,2,51,50
71,2,51,50
71,2,51,50
71,2,51,50
71,2,51,50
71,2,51,50
71,2,51,50
71,2,51,50
71,2,51,50
71,2,51,50
71,1,51,50
71,1,51,50
71,1,51,50
71,1,51,50
71,1,51,50
71,1,51,50
71,1,51,50
71,1,51,50
71,1,51,50
71,1,51,50
71,1,51,50
71,1,51,50
71,1,51,50
71,1,51,50
71,1,51,50
71,1,51,50
71,1,51,50
71,1,51,50
71,1,51,50
71,0,51,50
71,0,51,50
71,1,51,50
71,0,51,50
71,0,51,50
71,0,51,50
71,0,51,50
71,0,51,50
71,0,51,50
71,0,51,50
71,0,51,50
71,0,51,50
71,0,51,50
71,0,51,50
71,1,51,50
71,1,51,50
71,1,51,50
71,1,51,50
71,1,51,50
71,1,51,50
71,1,51,50
71,1,51,50
71,1,51,50
71,1,51,50
71,1,51,50
71,1,51,50
71,1,51,50
71,1,51,50
71,2,51,50
71,2,51,50
71,2,51,50
71,2,51,50
71,2,51,50
71,2,51,50
71,2,51,50
71,2,51,50
71,2,51,50
71,2,51,50
71,2,51,50
71,2,51,50
