15,28,34,39
18,29,34,39
20,36,34,39
23,35,34,39
27,37,34,39
29,41,34,39
35,41,34,39
40,41,34,39
44,44,34,39
49,46,34,39
55,47,34,39
59,46,34,39
61,44,34,39
64,43,34,39
66,42,34,39
68,40,34,39
71,39,34,39
74,37,34,39
78,36,34,39
85,35,34,39
93,35,34,39
101,35,34,39
110,35,34,39
119,34,34,39
126,34,34,39
133,34,34,39
139,33,34,39
143,33,34,39
145,31,34,39
145,30,34,39
142,31,34,39
136,31,34,39
129,30,34,39
120,30,34,39
113,28,34,39
105,29,34,39
95,31,34,39
88,33,34,39
83,36,34,39
79,36,34,39
78,28,34,39
71,28,34,39
68,29,34,39
62,30,34,39
56,40,34,39
55,42,34,39
54,42,34,39
52,41,34,39
51,41,34,39
49,40,34,39
48,40,34,39
50,40,34,39
53,40,34,39
59,40,34,39
68,40,34,39
79,39,34,39
89,38,34,39
98,38,34,39
108,38,34,39
117,38,34,39
124,37,34,39
131,36,34,39
139,33,34,39
144,31,34,39
148,29,34,39
150,29,34,39
150,28,34,39
148,28,34,39
142,30,34,39
133,33,34,39
122,37,34,39
111,40,34,39
99,41,34,39
88,42,34,39
77,43,34,39
62,42,34,39
55,40,34,39
47,37,34,39
36,36,34,39
27,33,34,39
15,33,34,39
6,32,34,39
2,33,34,39
0,38,34,39
0,39,34,39
0,39,34,39
0,39,34,39
0,39,34,39
5,39,34,39
9,32,34,39
11,31,34,39
13,33,34,39
14,33,34,39
17,37,34,39
20,43,34,39
23,43,34,39
30,44,34,39
35,47,34,39
41,46,34,39
46,41,34,39
54,43,34,39
65,46,34,39
71,46,34,39
81,46,34,39
91,45,34,39
91,49,34,39
95,48,34,39
119,53,34,39
143,49,34,39
155,50,34,39
146,49,34,39
156,51,34,39
164,47,34,39
171,46,34,39
173,44,34,39
173,42,34,39
172,40,34,39
186,34,34,39
183,32,34,39
177,31,34,39
157,27,34,39
148,25,34,39
142,26,34,39
135,22,34,39
135,22,34,39
135,23,34,39
130,27,34,39
129,29,34,39
126,31,34,39
120,32,34,39
112,32,34,39
102,31,34,39
93,30,34,39
87,30,34,39
80,34,34,39
86,33,34,39
92,32,34,39
102,33,34,39
112,37,34,39
113,39,34,39
117,42,34,39
121,44,34,39
123,44,34,39
123,45,34,39
122,46,34,39
120,47,34,39
117,47,34,39
115,47,34,39
113,46,34,39
113,46,34,39
113,42,34,39
115,40,34,39
122,39,34,39
132,38,34,39
140,39,34,39
148,37,34,39
153,34,34,39
156,30,34,39
156,26,34,39
156,24,34,39
155,24,34,39
153,27,34,39
151,29,34,39
144,36,34,39
140,46,34,39
136,51,34,39
135,52,34,39
132,48,34,39
126,42,34,39
119,38,34,39
115,33,34,39
108,30,34,39
103,28,34,39
107,25,34,39
110,24,34,39
109,22,34,39
98,25,34,39
90,30,34,39
83,36,34,39
81,39,34,39
84,40,34,39
87,40,34,39
87,40,34,39
88,41,34,39
85,49,34,39
90,47,34,39
95,44,34,39
97,42,34,39
98,38,34,39
105,35,34,39
108,30,34,39
105,27,34,39
108,27,34,39
109,29,34,39
110,30,34,39
111,32,34,39
110,35,34,39
108,37,34,39
107,38,34,39
109,37,34,39
112,35,34,39
119,33,34,39
128,32,34,39
124,37,34,39
129,37,34,39
134,26,34,39
126,28,34,39
119,29,34,39
117,31,34,39
119,31,34,39
120,31,34,39
119,29,34,39
113,29,34,39
105,30,34,39
96,33,34,39
88,38,34,39
67,46,34,39
85,49,34,39
86,52,34,39
73,53,34,39
76,52,34,39
83,50,34,39
82,62,34,39
87,61,34,39
89,68,34,39
87,68,34,39
87,68,34,39
87,67,34,39
87,66,34,39
87,66,34,39
87,65,34,39
88,63,34,39
86,68,34,39
83,70,34,39
89,46,34,39
87,48,34,39
87,48,34,39
87,48,34,39
90,43,34,39
94,39,34,39
99,35,34,39
107,31,34,39
102,33,34,39
101,36,34,39
108,36,34,39
116,39,34,39
119,42,34,39
122,49,34,39
120,48,34,39
112,47,34,39
97,52,34,39
97,53,34,39
95,56,34,39
90,61,34,39
90,61,34,39
92,61,34,39
95,59,34,39
93,58,34,39
102,50,34,39
100,49,34,39
106,36,34,39
104,27,34,39
103,28,34,39
102,23,34,39
97,18,34,39
94,19,34,39
95,16,34,39
87,14,34,39
89,22,34,39
89,18,34,39
89,18,34,39
87,18,34,39
86,18,34,39
86,18,34,39
81,16,34,39
84,15,34,39
81,16,34,39
63,32,34,39
59,35,34,39
57,35,34,39
56,33,34,39
59,28,34,39
68,23,34,39
77,19,34,39
84,17,34,39
96,16,34,39
106,23,34,39
114,27,34,39
123,29,34,39
126,29,34,39
126,27,34,39
121,29,34,39
114,30,34,39
117,26,34,39
112,30,34,39
108,36,34,39
115,33,34,39
114,34,34,39
108,34,34,39
103,36,34,39
97,38,34,39
85,53,34,39
92,46,34,39
103,41,34,39
112,40,34,39
108,45,34,39
110,45,34,39
110,43,34,39
108,39,34,39
104,39,34,39
104,38,34,39
104,38,34,39
100,35,34,39
91,29,34,39
80,29,34,39
76,29,34,39
75,28,34,39
81,30,34,39
94,25,34,39
109,24,34,39
121,30,34,39
130,30,34,39
130,28,34,39
118,24,34,39
105,21,34,39
88,34,34,39
78,44,34,39
72,58,34,39
75,51,34,39
86,56,34,39
99,44,34,39
95,42,34,39
101,36,34,39
102,34,34,39
102,34,34,39
91,46,34,39
81,62,34,39
88,56,34,39
83,50,34,39
73,62,34,39
72,62,34,39
73,60,34,39
74,59,34,39
74,58,34,39
74,57,34,39
78,54,34,39
78,53,34,39
79,52,34,39
69,64,34,39
57,51,34,39
56,48,34,39
56,50,34,39
57,55,34,39
72,56,34,39
72,60,34,39
77,56,34,39
74,57,34,39
74,56,34,39
57,51,34,39
54,52,34,39
60,38,34,39
56,42,34,39
59,41,34,39
68,39,34,39
81,36,34,39
